UNITS=MM
#Layer_Color=9474304
#
#Feature symbol names
#
$0 r127

#
#Feature attribute names
#

#
#Layer features
#
L 82.55 74.549 83.058 73.533 0 P 0
L 82.55 74.549 83.566 74.549 0 P 0
L 82.677 77.978 83.185 76.962 0 P 0
L 82.677 77.978 83.693 77.978 0 P 0
L 83.058 73.533 83.566 74.549 0 P 0
L 83.185 70.993 83.693 69.977 0 P 0
L 83.185 70.993 84.201 70.993 0 P 0
L 83.185 76.962 83.693 77.978 0 P 0
L 83.185 81.534 83.693 80.518 0 P 0
L 83.185 81.534 84.201 81.534 0 P 0
L 83.312 69.088 83.82 68.072 0 P 0
L 83.312 69.088 84.328 69.088 0 P 0
L 83.693 69.977 84.201 70.993 0 P 0
L 83.693 80.518 84.201 81.534 0 P 0
L 83.693 84.582 84.201 83.566 0 P 0
L 83.693 84.582 84.709 84.582 0 P 0
L 83.82 68.072 84.328 69.088 0 P 0
L 83.947 66.802 84.455 65.786 0 P 0
L 83.947 66.802 84.963 66.802 0 P 0
L 84.201 83.566 84.709 84.582 0 P 0
L 84.455 65.786 84.963 66.802 0 P 0
L 97.282 97.663 97.79 96.647 0 P 0
L 97.282 97.663 98.298 97.663 0 P 0
L 97.79 96.647 98.298 97.663 0 P 0
L 102.616 98.806 103.124 97.79 0 P 0
L 102.616 98.806 103.632 98.806 0 P 0
L 103.124 97.79 103.632 98.806 0 P 0
L 104.521 98.806 105.029 97.79 0 P 0
L 104.521 98.806 105.537 98.806 0 P 0
L 105.029 97.79 105.537 98.806 0 P 0
L 107.823 63.119 108.331 62.103 0 P 0
L 107.823 63.119 108.839 63.119 0 P 0
L 107.95 58.42 108.458 57.404 0 P 0
L 107.95 58.42 108.966 58.42 0 P 0
L 107.95 61.722 108.458 60.706 0 P 0
L 107.95 61.722 108.966 61.722 0 P 0
L 108.331 62.103 108.839 63.119 0 P 0
L 108.458 57.404 108.966 58.42 0 P 0
L 108.458 60.706 108.966 61.722 0 P 0
L 109.601 98.298 110.109 97.282 0 P 0
L 109.601 98.298 110.617 98.298 0 P 0
L 110.109 97.282 110.617 98.298 0 P 0
L 111.633 97.79 112.141 96.774 0 P 0
L 111.633 97.79 112.649 97.79 0 P 0
L 112.141 96.774 112.649 97.79 0 P 0
L 121.412 71.755 121.92 70.739 0 P 0
L 121.412 71.755 122.428 71.755 0 P 0
L 121.92 70.739 122.428 71.755 0 P 0
L 122.428 72.39 122.936 71.374 0 P 0
L 122.428 72.39 123.444 72.39 0 P 0
L 122.428 74.041 122.936 73.025 0 P 0
L 122.428 74.041 123.444 74.041 0 P 0
L 122.936 71.374 123.444 72.39 0 P 0
L 122.936 73.025 123.444 74.041 0 P 0
