UNITS=MM
#Layer_Color=9474304
#
#Feature symbol names
#
$0 r127

#
#Feature attribute names
#

#
#Layer features
#
L 91.948 74.168 92.456 73.152 0 P 0
L 91.948 74.168 92.964 74.168 0 P 0
L 92.456 73.152 92.964 74.168 0 P 0
L 92.71 73.66 93.218 72.644 0 P 0
L 92.71 73.66 93.726 73.66 0 P 0
L 93.218 72.644 93.726 73.66 0 P 0
L 94.361 60.071 94.869 59.055 0 P 0
L 94.361 60.071 95.377 60.071 0 P 0
L 94.869 59.055 95.377 60.071 0 P 0
L 95.123 60.071 95.631 59.055 0 P 0
L 95.123 60.071 96.139 60.071 0 P 0
L 95.631 59.055 96.139 60.071 0 P 0
L 99.314 86.233 99.822 85.217 0 P 0
L 99.314 86.233 100.33 86.233 0 P 0
L 99.822 85.217 100.33 86.233 0 P 0
L 99.949 73.152 100.457 72.136 0 P 0
L 99.949 73.152 100.965 73.152 0 P 0
L 100.076 79.121 100.584 78.105 0 P 0
L 100.076 79.121 101.092 79.121 0 P 0
L 100.076 86.233 100.584 85.217 0 P 0
L 100.076 86.233 101.092 86.233 0 P 0
L 100.203 79.883 100.711 78.867 0 P 0
L 100.203 79.883 101.219 79.883 0 P 0
L 100.457 66.802 100.965 65.786 0 P 0
L 100.457 66.802 101.473 66.802 0 P 0
L 100.457 72.136 100.965 73.152 0 P 0
L 100.584 78.105 101.092 79.121 0 P 0
L 100.584 85.217 101.092 86.233 0 P 0
L 100.711 78.867 101.219 79.883 0 P 0
L 100.965 65.786 101.473 66.802 0 P 0
L 101.219 66.802 101.727 65.786 0 P 0
L 101.219 66.802 102.235 66.802 0 P 0
L 101.6 70.866 102.108 69.85 0 P 0
L 101.6 70.866 102.616 70.866 0 P 0
L 101.727 65.786 102.235 66.802 0 P 0
L 102.108 69.85 102.616 70.866 0 P 0
L 108.204 70.866 108.712 69.85 0 P 0
L 108.204 70.866 109.22 70.866 0 P 0
L 108.712 69.85 109.22 70.866 0 P 0
L 108.966 79.121 109.474 78.105 0 P 0
L 108.966 79.121 109.982 79.121 0 P 0
L 109.474 78.105 109.982 79.121 0 P 0
L 109.73366928 68.87238956 110.24166928 67.85638956 0 P 0
L 109.73366928 68.87238956 110.74966928 68.87238956 0 P 0
L 110.24166928 67.85638956 110.74966928 68.87238956 0 P 0
L 110.62266928 68.87238956 111.13066928 67.85638956 0 P 0
L 110.62266928 68.87238956 111.63866928 68.87238956 0 P 0
L 110.998 80.645 111.506 79.629 0 P 0
L 110.998 80.645 112.014 80.645 0 P 0
L 111.13066928 67.85638956 111.63866928 68.87238956 0 P 0
L 111.506 79.629 112.014 80.645 0 P 0
L 111.887 80.645 112.395 79.629 0 P 0
L 111.887 80.645 112.903 80.645 0 P 0
L 112.141 88.646 112.649 87.63 0 P 0
L 112.141 88.646 113.157 88.646 0 P 0
L 112.395 79.629 112.903 80.645 0 P 0
L 112.522 89.281 113.03 88.265 0 P 0
L 112.522 89.281 113.538 89.281 0 P 0
L 112.649 87.63 113.157 88.646 0 P 0
L 113.03 88.265 113.538 89.281 0 P 0
L 121.793 69.215 122.301 68.199 0 P 0
L 121.793 69.215 122.809 69.215 0 P 0
L 122.301 68.199 122.809 69.215 0 P 0
L 122.555 69.215 123.063 68.199 0 P 0
L 122.555 69.215 123.571 69.215 0 P 0
L 123.063 68.199 123.571 69.215 0 P 0
