UNITS=MM
#Layer_Color=16711935
#
#Feature symbol names
#
$0 r199.9996
$1 r508
$2 r69.99986
$3 r25.4
$4 r127
$5 r99.9998
$6 r76.2

#
#Feature attribute names
#
@0 .nomenclature
@1 .string
@2 .string_angle

#
#Feature attribute text strings
#
&0 \*

#
#Layer features
#
A 88.138 76.581 88.138 76.581 87.757 76.581 1 P 0 N
A 88.138 83.82 88.138 83.82 87.757 83.82 1 P 0 N
A 88.265 69.19500004 88.265 69.19500004 87.884 69.19500004 1 P 0 N
A 93.46200002 90.0049 93.46200002 90.0049 93.08100002 90.0049 1 P 0 N
A 102.6470007 96.48499626 102.6470007 96.48499626 102.4470011 96.48499626 2 P 0 N
A 110.21000056 68.78599908 110.21000056 68.78599908 110.11000076 68.78599908 0 P 0 N
A 115.824 86.83499778 115.824 86.83499778 115.443 86.83499778 1 P 0 N
L 85.3186 73.08579998 85.3186 78.82619998 3 P 0
L 85.3186 73.08579998 89.3572 73.08579998 3 P 0
L 85.3186 78.82619998 89.3572 78.82619998 3 P 0
L 85.3186 80.32479998 85.3186 86.06519998 3 P 0
L 85.3186 80.32479998 89.3572 80.32479998 3 P 0
L 85.3186 86.06519998 89.3572 86.06519998 3 P 0
L 85.4456 65.69980002 85.4456 71.44020002 3 P 0
L 85.4456 65.69980002 89.4842 65.69980002 3 P 0
L 85.4456 71.44020002 89.4842 71.44020002 3 P 0
L 87.0734987 64.05307738 87.0734987 87.90307794 4 P 0
L 87.0734987 64.05307738 109.34349988 64.05307738 4 P 0
L 87.0734987 87.90307794 109.34349988 87.90307794 4 P 0
L 89.3572 73.08579998 89.3572 78.82619998 3 P 0
L 89.3572 80.32479998 89.3572 86.06519998 3 P 0
L 89.4842 65.69980002 89.4842 71.44020002 3 P 0
L 89.5858 88.4047 89.5858 92.4433 3 P 0
L 89.5858 88.4047 95.3262 88.4047 3 P 0
L 89.5858 92.4433 95.3262 92.4433 3 P 0
L 92.4179 65.89599724 93.26429404 66.74239128 6 P 0 ;0,1=0,2=0.000000
L 92.4179 66.31919426 93.26429404 66.31919426 6 P 0 ;0,1=0,2=0.000000
L 92.4179 66.74239128 93.26429404 65.89599724 6 P 0 ;0,1=0,2=0.000000
L 92.5957 61.2267 92.5957 61.7093 3 P 0
L 92.5957 61.2267 93.9546 61.2267 3 P 0
L 92.5957 61.7093 93.9546 61.7093 3 P 0
L 92.5957 62.4967 92.5957 62.9793 3 P 0
L 92.5957 62.4967 93.9546 62.4967 3 P 0
L 92.5957 62.9793 93.9546 62.9793 3 P 0
L 92.5957 63.7667 92.5957 64.2493 3 P 0
L 92.5957 63.7667 93.9546 63.7667 3 P 0
L 92.5957 64.2493 93.9546 64.2493 3 P 0
L 92.5957 65.0367 92.5957 65.5193 3 P 0
L 92.5957 65.0367 93.9546 65.0367 3 P 0
L 92.5957 65.5193 93.9546 65.5193 3 P 0
L 92.84109702 65.89599724 92.84109702 66.74239128 6 P 0 ;0,1=0,2=0.000000
L 93.9546 60.6806 93.9546 66.0654 3 P 0
L 93.9546 60.6806 99.3394 60.6806 3 P 0
L 93.9546 61.2267 93.9546 61.7093 3 P 0
L 93.9546 62.4967 93.9546 62.9793 3 P 0
L 93.9546 63.7667 93.9546 64.2493 3 P 0
L 93.9546 65.0367 93.9546 65.5193 3 P 0
L 93.9546 66.0654 99.3394 66.0654 3 P 0
L 95.3262 88.4047 95.3262 92.4433 3 P 0
L 95.4278 81.8642 95.4278 82.5246 3 P 0
L 95.4278 81.8642 95.4278 85.2678 3 P 0
L 95.4278 81.8642 98.1202 81.8642 3 P 0
L 95.4278 81.8642 98.1202 81.8642 3 P 0
L 95.4278 82.5246 98.1202 82.5246 3 P 0
L 95.4278 84.6074 95.4278 85.2678 3 P 0
L 95.4278 84.6074 98.1202 84.6074 3 P 0
L 95.4278 85.2678 98.1202 85.2678 3 P 0
L 95.4278 85.2678 98.1202 85.2678 3 P 0
L 96.02550264 90.08449852 96.02550264 95.4594992 5 P 0
L 96.02550264 90.08449852 100.00050104 90.08449852 5 P 0
L 96.02550264 95.4594992 100.00050104 95.4594992 5 P 0
L 97.3836 54.1655 97.3836 59.3725 3 P 0
L 97.3836 54.1655 109.3724 54.1655 3 P 0
L 97.3836 59.3725 109.3724 59.3725 3 P 0
L 98.1202 81.8642 98.1202 82.5246 3 P 0
L 98.1202 81.8642 98.1202 85.2678 3 P 0
L 98.1202 84.6074 98.1202 85.2678 3 P 0
L 99.1108 54.4322 99.1108 55.0926 3 P 0
L 99.1108 54.4322 99.1108 57.8358 3 P 0
L 99.1108 54.4322 101.8032 54.4322 3 P 0
L 99.1108 54.4322 101.8032 54.4322 3 P 0
L 99.1108 55.0926 101.8032 55.0926 3 P 0
L 99.1108 57.1754 99.1108 57.8358 3 P 0
L 99.1108 57.1754 101.8032 57.1754 3 P 0
L 99.1108 57.8358 101.8032 57.8358 3 P 0
L 99.1108 57.8358 101.8032 57.8358 3 P 0
L 99.3394 60.6806 99.3394 66.0654 3 P 0
L 99.3394 61.2267 99.3394 61.7093 3 P 0
L 99.3394 61.2267 100.6983 61.2267 3 P 0
L 99.3394 61.7093 100.6983 61.7093 3 P 0
L 99.3394 62.4967 99.3394 62.9793 3 P 0
L 99.3394 62.4967 100.6983 62.4967 3 P 0
L 99.3394 62.9793 100.6983 62.9793 3 P 0
L 99.3394 63.7667 99.3394 64.2493 3 P 0
L 99.3394 63.7667 100.6983 63.7667 3 P 0
L 99.3394 64.2493 100.6983 64.2493 3 P 0
L 99.3394 65.0367 99.3394 65.5193 3 P 0
L 99.3394 65.0367 100.6983 65.0367 3 P 0
L 99.3394 65.5193 100.6983 65.5193 3 P 0
L 99.8982 69.7992 99.8982 79.8068 3 P 0
L 99.8982 69.7992 109.9058 69.7992 3 P 0
L 99.8982 78.5368 101.1682 79.8068 3 P 0
L 99.8982 79.8068 109.9058 79.8068 3 P 0
L 100.00050104 90.08449852 100.00050104 95.4594992 5 P 0
L 100.6983 61.2267 100.6983 61.7093 3 P 0
L 100.6983 62.4967 100.6983 62.9793 3 P 0
L 100.6983 63.7667 100.6983 64.2493 3 P 0
L 100.6983 65.0367 100.6983 65.5193 3 P 0
L 101.8032 54.4322 101.8032 55.0926 3 P 0
L 101.8032 54.4322 101.8032 57.8358 3 P 0
L 101.8032 57.1754 101.8032 57.8358 3 P 0
L 101.94699956 94.83499956 101.94699956 96.93500044 5 P 0
L 101.94699956 94.83499956 104.04700044 94.83499956 5 P 0
L 101.94699956 96.93500044 104.04700044 96.93500044 5 P 0
L 103.6828 54.5592 103.6828 55.2196 3 P 0
L 103.6828 54.5592 103.6828 57.9628 3 P 0
L 103.6828 54.5592 106.3752 54.5592 3 P 0
L 103.6828 54.5592 106.3752 54.5592 3 P 0
L 103.6828 55.2196 106.3752 55.2196 3 P 0
L 103.6828 57.3024 103.6828 57.9628 3 P 0
L 103.6828 57.3024 106.3752 57.3024 3 P 0
L 103.6828 57.9628 106.3752 57.9628 3 P 0
L 103.6828 57.9628 106.3752 57.9628 3 P 0
L 103.886 61.3791 103.886 62.3189 3 P 0
L 103.886 61.3791 103.886 62.3189 3 P 0
L 103.886 61.3791 104.3432 61.3791 3 P 0
L 103.886 61.3791 105.6386 61.3791 3 P 0
L 103.886 62.3189 104.3432 62.3189 3 P 0
L 103.886 62.3189 105.6386 62.3189 3 P 0
L 103.8987 59.6011 103.8987 60.5409 3 P 0
L 103.8987 59.6011 103.8987 60.5409 3 P 0
L 103.8987 59.6011 104.3559 59.6011 3 P 0
L 103.8987 59.6011 105.6513 59.6011 3 P 0
L 103.8987 60.5409 104.3559 60.5409 3 P 0
L 103.8987 60.5409 105.6513 60.5409 3 P 0
L 104.04700044 94.83499956 104.04700044 96.93500044 5 P 0
L 104.3432 61.3791 104.3432 62.3189 3 P 0
L 104.3559 59.6011 104.3559 60.5409 3 P 0
L 104.54699944 84.98700046 104.54699944 87.98699954 3 P 0
L 104.54699944 84.98700046 107.79700056 84.98700046 3 P 0
L 104.54699944 87.98699954 107.79700056 87.98699954 3 P 0
L 105.1814 61.3791 105.1814 62.3189 3 P 0
L 105.1814 61.3791 105.6386 61.3791 3 P 0
L 105.1814 62.3189 105.6386 62.3189 3 P 0
L 105.1941 59.6011 105.1941 60.5409 3 P 0
L 105.1941 59.6011 105.6513 59.6011 3 P 0
L 105.1941 60.5409 105.6513 60.5409 3 P 0
L 105.6386 61.3791 105.6386 62.3189 3 P 0
L 105.6386 61.3791 105.6386 62.3189 3 P 0
L 105.6513 59.6011 105.6513 60.5409 3 P 0
L 105.6513 59.6011 105.6513 60.5409 3 P 0
L 106.3752 54.5592 106.3752 55.2196 3 P 0
L 106.3752 54.5592 106.3752 57.9628 3 P 0
L 106.3752 57.3024 106.3752 57.9628 3 P 0
L 107.79700056 84.98700046 107.79700056 87.98699954 3 P 0
L 109.34349988 64.05307738 109.34349988 87.90307794 4 P 0
L 109.3724 54.1655 109.3724 59.3725 3 P 0
L 109.9058 69.7992 109.9058 79.8068 3 P 0
L 110.0328 84.8868 110.0328 87.5792 3 P 0
L 110.0328 84.8868 110.0328 87.5792 3 P 0
L 110.0328 84.8868 110.6932 84.8868 3 P 0
L 110.0328 84.8868 113.4364 84.8868 3 P 0
L 110.0328 87.5792 110.6932 87.5792 3 P 0
L 110.0328 87.5792 113.4364 87.5792 3 P 0
L 110.6932 84.8868 110.6932 87.5792 3 P 0
L 111.0996 61.1505 111.0996 66.3575 3 P 0
L 111.0996 61.1505 123.0884 61.1505 3 P 0
L 111.0996 66.3575 123.0884 66.3575 3 P 0
L 111.76 61.46099976 111.76 88.46099656 4 P 0
L 111.76 61.46099976 124.46 61.46099976 4 P 0
L 111.76 88.46099656 124.45999746 88.4609991 4 P 0
L 112.776 84.8868 112.776 87.5792 3 P 0
L 112.776 84.8868 113.4364 84.8868 3 P 0
L 112.776 87.5792 113.4364 87.5792 3 P 0
L 113.4364 84.8868 113.4364 87.5792 3 P 0
L 113.4364 84.8868 113.4364 87.5792 3 P 0
L 117.0980005 69.86549908 117.0980005 89.80449908 3 P 0
L 117.0980005 69.86549908 122.1018005 69.86549908 3 P 0
L 117.0980005 89.80449908 122.1018005 89.80449908 3 P 0
L 122.1018005 69.86549908 122.1018005 89.80449908 3 P 0
L 123.0884 61.1505 123.0884 66.3575 3 P 0
L 124.45999746 88.4609991 124.46 61.46099976 4 P 0
