UNITS=MM
#Layer_Color=9474304
#
#Feature symbol names
#
$0 r127

#
#Feature attribute names
#

#
#Layer features
#
L 82.9564 74.041 83.1596 74.041 0 P 0
L 83.058 73.9394 83.058 74.1426 0 P 0
L 83.0834 77.47 83.2866 77.47 0 P 0
L 83.185 77.3684 83.185 77.5716 0 P 0
L 83.5914 70.485 83.7946 70.485 0 P 0
L 83.5914 81.026 83.7946 81.026 0 P 0
L 83.693 70.3834 83.693 70.5866 0 P 0
L 83.693 80.9244 83.693 81.1276 0 P 0
L 83.7184 68.58 83.9216 68.58 0 P 0
L 83.82 68.4784 83.82 68.6816 0 P 0
L 84.0994 84.074 84.3026 84.074 0 P 0
L 84.201 83.9724 84.201 84.1756 0 P 0
L 84.3534 66.294 84.5566 66.294 0 P 0
L 84.455 66.1924 84.455 66.3956 0 P 0
L 97.6884 97.155 97.8916 97.155 0 P 0
L 97.79 97.0534 97.79 97.2566 0 P 0
L 103.0224 98.298 103.2256 98.298 0 P 0
L 103.124 98.1964 103.124 98.3996 0 P 0
L 104.9274 98.298 105.1306 98.298 0 P 0
L 105.029 98.1964 105.029 98.3996 0 P 0
L 108.2294 62.611 108.4326 62.611 0 P 0
L 108.331 62.5094 108.331 62.7126 0 P 0
L 108.3564 57.912 108.5596 57.912 0 P 0
L 108.3564 61.214 108.5596 61.214 0 P 0
L 108.458 57.8104 108.458 58.0136 0 P 0
L 108.458 61.1124 108.458 61.3156 0 P 0
L 110.0074 97.79 110.2106 97.79 0 P 0
L 110.109 97.6884 110.109 97.8916 0 P 0
L 112.0394 97.282 112.2426 97.282 0 P 0
L 112.141 97.1804 112.141 97.3836 0 P 0
L 121.8184 71.247 122.0216 71.247 0 P 0
L 121.92 71.1454 121.92 71.3486 0 P 0
L 122.8344 71.882 123.0376 71.882 0 P 0
L 122.8344 73.533 123.0376 73.533 0 P 0
L 122.936 71.7804 122.936 71.9836 0 P 0
L 122.936 73.4314 122.936 73.6346 0 P 0
