UNITS=MM
#Layer_Color=9474304
#
#Feature symbol names
#
$0 r127

#
#Feature attribute names
#

#
#Layer features
#
L 92.3544 73.66 92.5576 73.66 0 P 0
L 92.456 73.5584 92.456 73.7616 0 P 0
L 93.1164 73.152 93.3196 73.152 0 P 0
L 93.218 73.0504 93.218 73.2536 0 P 0
L 94.7674 59.563 94.9706 59.563 0 P 0
L 94.869 59.4614 94.869 59.6646 0 P 0
L 95.5294 59.563 95.7326 59.563 0 P 0
L 95.631 59.4614 95.631 59.6646 0 P 0
L 99.7204 85.725 99.9236 85.725 0 P 0
L 99.822 85.6234 99.822 85.8266 0 P 0
L 100.3554 72.644 100.5586 72.644 0 P 0
L 100.457 72.5424 100.457 72.7456 0 P 0
L 100.4824 78.613 100.6856 78.613 0 P 0
L 100.4824 85.725 100.6856 85.725 0 P 0
L 100.584 78.5114 100.584 78.7146 0 P 0
L 100.584 85.6234 100.584 85.8266 0 P 0
L 100.6094 79.375 100.8126 79.375 0 P 0
L 100.711 79.2734 100.711 79.4766 0 P 0
L 100.8634 66.294 101.0666 66.294 0 P 0
L 100.965 66.1924 100.965 66.3956 0 P 0
L 101.6254 66.294 101.8286 66.294 0 P 0
L 101.727 66.1924 101.727 66.3956 0 P 0
L 102.0064 70.358 102.2096 70.358 0 P 0
L 102.108 70.2564 102.108 70.4596 0 P 0
L 108.6104 70.358 108.8136 70.358 0 P 0
L 108.712 70.2564 108.712 70.4596 0 P 0
L 109.3724 78.613 109.5756 78.613 0 P 0
L 109.474 78.5114 109.474 78.7146 0 P 0
L 110.14006928 68.36438956 110.34326928 68.36438956 0 P 0
L 110.24166928 68.26278956 110.24166928 68.46598956 0 P 0
L 111.02906928 68.36438956 111.23226928 68.36438956 0 P 0
L 111.13066928 68.26278956 111.13066928 68.46598956 0 P 0
L 111.4044 80.137 111.6076 80.137 0 P 0
L 111.506 80.0354 111.506 80.2386 0 P 0
L 112.2934 80.137 112.4966 80.137 0 P 0
L 112.395 80.0354 112.395 80.2386 0 P 0
L 112.5474 88.138 112.7506 88.138 0 P 0
L 112.649 88.0364 112.649 88.2396 0 P 0
L 112.9284 88.773 113.1316 88.773 0 P 0
L 113.03 88.6714 113.03 88.8746 0 P 0
L 122.1994 68.707 122.4026 68.707 0 P 0
L 122.301 68.6054 122.301 68.8086 0 P 0
L 122.9614 68.707 123.1646 68.707 0 P 0
L 123.063 68.6054 123.063 68.8086 0 P 0
