UNITS=MM
#Layer_Color=9474304
#
#Feature symbol names
#
$0 r169.33164
$1 r127

#
#Feature attribute names
#

#
#Layer features
#
A 113.792 73.025 113.792 73.025 113.284 73.025 0 P 0 N
L 81.661 74.93 82.169 73.914 1 P 0
L 81.661 74.93 82.677 74.93 1 P 0
L 82.169 73.914 82.677 74.93 1 P 0
L 82.677 71.628 82.931 72.136 1 P 0
L 82.677 71.628 83.185 71.882 1 P 0
L 82.677 72.644 82.931 72.136 1 P 0
L 82.677 72.644 83.185 72.39 1 P 0
L 82.677 75.184 82.931 75.692 1 P 0
L 82.677 75.184 83.185 75.438 1 P 0
L 82.677 76.2 82.931 75.692 1 P 0
L 82.677 76.2 83.185 75.946 1 P 0
L 82.677 78.74 82.931 79.248 1 P 0
L 82.677 78.74 83.185 78.994 1 P 0
L 82.677 79.756 82.931 79.248 1 P 0
L 82.677 79.756 83.185 79.502 1 P 0
L 83.185 71.882 83.693 71.628 1 P 0
L 83.185 72.39 83.693 72.644 1 P 0
L 83.185 75.438 83.693 75.184 1 P 0
L 83.185 75.946 83.693 76.2 1 P 0
L 83.185 78.994 83.693 78.74 1 P 0
L 83.185 79.502 83.693 79.756 1 P 0
L 83.312 82.677 83.82 81.661 1 P 0
L 83.312 82.677 84.328 82.677 1 P 0
L 83.439 72.136 83.693 71.628 1 P 0
L 83.439 72.136 83.693 72.644 1 P 0
L 83.439 75.692 83.693 75.184 1 P 0
L 83.439 75.692 83.693 76.2 1 P 0
L 83.439 79.248 83.693 78.74 1 P 0
L 83.439 79.248 83.693 79.756 1 P 0
L 83.693 70.231 84.201 69.215 1 P 0
L 83.693 70.231 84.709 70.231 1 P 0
L 83.82 77.216 84.328 76.2 1 P 0
L 83.82 77.216 84.836 77.216 1 P 0
L 83.82 81.661 84.328 82.677 1 P 0
L 84.201 69.215 84.709 70.231 1 P 0
L 84.328 76.2 84.836 77.216 1 P 0
L 86.06989644 62.39310356 86.06989644 63.40910356 1 P 0
L 86.06989644 62.39310356 87.08589644 62.39310356 1 P 0
L 86.06989644 63.40910356 87.08589644 63.40910356 1 P 0
L 87.08589644 62.39310356 87.08589644 63.40910356 1 P 0
L 87.86594822 60.59705178 87.86594822 61.61305178 1 P 0
L 87.86594822 60.59705178 88.88194822 60.59705178 1 P 0
L 87.86594822 61.61305178 88.88194822 61.61305178 1 P 0
L 88.88194822 60.59705178 88.88194822 61.61305178 1 P 0
L 89.662 58.801 89.662 59.817 1 P 0
L 89.662 58.801 90.678 58.801 1 P 0
L 89.662 59.817 90.678 59.817 1 P 0
L 90.678 58.801 90.678 59.817 1 P 0
L 91.45805178 57.00494822 91.45805178 58.02094822 1 P 0
L 91.45805178 57.00494822 92.47405178 57.00494822 1 P 0
L 91.45805178 58.02094822 92.47405178 58.02094822 1 P 0
L 92.47405178 57.00494822 92.47405178 58.02094822 1 P 0
L 93.853 94.361 94.107 94.869 1 P 0
L 93.853 94.361 94.361 94.615 1 P 0
L 93.853 95.377 94.107 94.869 1 P 0
L 93.853 95.377 94.361 95.123 1 P 0
L 94.361 94.615 94.869 94.361 1 P 0
L 94.361 95.123 94.869 95.377 1 P 0
L 94.615 94.869 94.869 94.361 1 P 0
L 94.615 94.869 94.869 95.377 1 P 0
L 94.996 56.642 95.25 57.15 1 P 0
L 94.996 56.642 95.504 56.896 1 P 0
L 94.996 57.658 95.25 57.15 1 P 0
L 94.996 57.658 95.504 57.404 1 P 0
L 95.123 54.356 95.377 54.864 1 P 0
L 95.123 54.356 95.631 54.61 1 P 0
L 95.123 55.372 95.377 54.864 1 P 0
L 95.123 55.372 95.631 55.118 1 P 0
L 95.504 56.896 96.012 56.642 1 P 0
L 95.504 57.404 96.012 57.658 1 P 0
L 95.631 54.61 96.139 54.356 1 P 0
L 95.631 55.118 96.139 55.372 1 P 0
L 95.758 57.15 96.012 56.642 1 P 0
L 95.758 57.15 96.012 57.658 1 P 0
L 95.885 54.864 96.139 54.356 1 P 0
L 95.885 54.864 96.139 55.372 1 P 0
L 98.171 89.154 98.679 88.138 1 P 0
L 98.171 89.154 99.187 89.154 1 P 0
L 98.679 88.138 99.187 89.154 1 P 0
L 98.933 89.154 99.441 88.138 1 P 0
L 98.933 89.154 99.949 89.154 1 P 0
L 99.441 88.138 99.949 89.154 1 P 0
L 101.727 60.96 102.235 59.944 1 P 0
L 101.727 60.96 102.743 60.96 1 P 0
L 102.235 59.944 102.743 60.96 1 P 0
L 103.759 91.821 104.267 90.805 1 P 0
L 103.759 91.821 104.775 91.821 1 P 0
L 104.267 90.805 104.775 91.821 1 P 0
L 104.394 96.647 104.902 95.631 1 P 0
L 104.394 96.647 105.41 96.647 1 P 0
L 104.521 63.754 105.029 62.738 1 P 0
L 104.521 63.754 105.537 63.754 1 P 0
L 104.521 91.821 105.029 90.805 1 P 0
L 104.521 91.821 105.537 91.821 1 P 0
L 104.902 95.631 105.41 96.647 1 P 0
L 105.029 62.738 105.537 63.754 1 P 0
L 105.029 90.805 105.537 91.821 1 P 0
L 106.426 63.246 106.934 62.23 1 P 0
L 106.426 63.246 107.442 63.246 1 P 0
L 106.934 62.23 107.442 63.246 1 P 0
L 109.601 88.9 110.109 87.884 1 P 0
L 109.601 88.9 110.617 88.9 1 P 0
L 109.728 91.567 109.728 92.583 1 P 0
L 109.728 91.567 110.744 91.567 1 P 0
L 109.728 92.583 110.744 92.583 1 P 0
L 110.109 87.884 110.617 88.9 1 P 0
L 110.49 88.9 110.998 87.884 1 P 0
L 110.49 88.9 111.506 88.9 1 P 0
L 110.617 94.742 110.871 95.25 1 P 0
L 110.617 94.742 111.125 94.996 1 P 0
L 110.617 95.758 110.871 95.25 1 P 0
L 110.617 95.758 111.125 95.504 1 P 0
L 110.744 91.567 110.744 92.583 1 P 0
L 110.998 87.884 111.506 88.9 1 P 0
L 111.125 94.996 111.633 94.742 1 P 0
L 111.125 95.504 111.633 95.758 1 P 0
L 111.379 95.25 111.633 94.742 1 P 0
L 111.379 95.25 111.633 95.758 1 P 0
L 111.506 53.975 111.76 54.483 1 P 0
L 111.506 53.975 112.014 54.229 1 P 0
L 111.506 54.991 111.76 54.483 1 P 0
L 111.506 54.991 112.014 54.737 1 P 0
L 111.506 56.642 111.76 57.15 1 P 0
L 111.506 56.642 112.014 56.896 1 P 0
L 111.506 57.658 111.76 57.15 1 P 0
L 111.506 57.658 112.014 57.404 1 P 0
L 112.014 54.229 112.522 53.975 1 P 0
L 112.014 54.737 112.522 54.991 1 P 0
L 112.014 56.896 112.522 56.642 1 P 0
L 112.014 57.404 112.522 57.658 1 P 0
L 112.268 54.483 112.522 53.975 1 P 0
L 112.268 54.483 112.522 54.991 1 P 0
L 112.268 57.15 112.522 56.642 1 P 0
L 112.268 57.15 112.522 57.658 1 P 0
L 112.268 91.567 112.268 92.583 1 P 0
L 112.268 91.567 113.284 91.567 1 P 0
L 112.268 92.583 113.284 92.583 1 P 0
L 113.284 91.567 113.284 92.583 1 P 0
L 114.427 94.615 114.681 95.123 1 P 0
L 114.427 94.615 114.935 94.869 1 P 0
L 114.427 95.631 114.681 95.123 1 P 0
L 114.427 95.631 114.935 95.377 1 P 0
L 114.808 91.567 114.808 92.583 1 P 0
L 114.808 91.567 115.824 91.567 1 P 0
L 114.808 92.583 115.824 92.583 1 P 0
L 114.935 94.869 115.443 94.615 1 P 0
L 114.935 95.377 115.443 95.631 1 P 0
L 115.189 55.626 115.443 56.134 1 P 0
L 115.189 55.626 115.697 55.88 1 P 0
L 115.189 56.642 115.443 56.134 1 P 0
L 115.189 56.642 115.697 56.388 1 P 0
L 115.189 95.123 115.443 94.615 1 P 0
L 115.189 95.123 115.443 95.631 1 P 0
L 115.697 55.88 116.205 55.626 1 P 0
L 115.697 56.388 116.205 56.642 1 P 0
L 115.824 91.567 115.824 92.583 1 P 0
L 115.951 56.134 116.205 55.626 1 P 0
L 115.951 56.134 116.205 56.642 1 P 0
L 116.967 58.42 117.475 57.404 1 P 0
L 116.967 58.42 117.983 58.42 1 P 0
L 117.348 91.567 117.348 92.583 1 P 0
L 117.348 91.567 118.364 91.567 1 P 0
L 117.348 92.583 118.364 92.583 1 P 0
L 117.475 57.404 117.983 58.42 1 P 0
L 118.364 91.567 118.364 92.583 1 P 0
L 119.888 91.567 119.888 92.583 1 P 0
L 119.888 91.567 120.904 91.567 1 P 0
L 119.888 92.583 120.904 92.583 1 P 0
L 120.904 91.567 120.904 92.583 1 P 0
L 126.238 68.707 126.492 69.215 1 P 0
L 126.238 68.707 126.746 68.961 1 P 0
L 126.238 69.723 126.492 69.215 1 P 0
L 126.238 69.723 126.746 69.469 1 P 0
L 126.492 80.772 126.746 81.28 1 P 0
L 126.492 80.772 127 81.026 1 P 0
L 126.492 81.788 126.746 81.28 1 P 0
L 126.492 81.788 127 81.534 1 P 0
L 126.746 68.961 127.254 68.707 1 P 0
L 126.746 69.469 127.254 69.723 1 P 0
L 126.746 72.5805 127 73.0885 1 P 0
L 126.746 72.5805 127.254 72.8345 1 P 0
L 126.746 73.5965 127 73.0885 1 P 0
L 126.746 73.5965 127.254 73.3425 1 P 0
L 126.746 76.835 127 77.343 1 P 0
L 126.746 76.835 127.254 77.089 1 P 0
L 126.746 77.851 127 77.343 1 P 0
L 126.746 77.851 127.254 77.597 1 P 0
L 127 69.215 127.254 68.707 1 P 0
L 127 69.215 127.254 69.723 1 P 0
L 127 81.026 127.508 80.772 1 P 0
L 127 81.534 127.508 81.788 1 P 0
L 127.254 72.8345 127.762 72.5805 1 P 0
L 127.254 73.3425 127.762 73.5965 1 P 0
L 127.254 77.089 127.762 76.835 1 P 0
L 127.254 77.597 127.762 77.851 1 P 0
L 127.254 81.28 127.508 80.772 1 P 0
L 127.254 81.28 127.508 81.788 1 P 0
L 127.508 73.0885 127.762 72.5805 1 P 0
L 127.508 73.0885 127.762 73.5965 1 P 0
L 127.508 77.343 127.762 76.835 1 P 0
L 127.508 77.343 127.762 77.851 1 P 0
