UNITS=MM
#Layer_Color=9474304
#
#Feature symbol names
#
$0 r127

#
#Feature attribute names
#

#
#Layer features
#
L 90.551 64.516 91.059 63.5 0 P 0
L 90.551 64.516 91.567 64.516 0 P 0
L 90.551 65.913 91.059 64.897 0 P 0
L 90.551 65.913 91.567 65.913 0 P 0
L 90.678 63.246 91.186 62.23 0 P 0
L 90.678 63.246 91.694 63.246 0 P 0
L 91.059 63.5 91.567 64.516 0 P 0
L 91.059 64.897 91.567 65.913 0 P 0
L 91.186 62.23 91.694 63.246 0 P 0
L 91.44 94.615 91.948 93.599 0 P 0
L 91.44 94.615 92.456 94.615 0 P 0
L 91.948 93.599 92.456 94.615 0 P 0
L 93.98 64.897 94.488 63.881 0 P 0
L 93.98 64.897 94.996 64.897 0 P 0
L 94.107 62.484 94.615 61.468 0 P 0
L 94.107 62.484 95.123 62.484 0 P 0
L 94.234 76.073 94.742 75.057 0 P 0
L 94.234 76.073 95.25 76.073 0 P 0
L 94.488 63.881 94.996 64.897 0 P 0
L 94.615 61.468 95.123 62.484 0 P 0
L 94.742 75.057 95.25 76.073 0 P 0
L 94.869 64.008 95.377 62.992 0 P 0
L 94.869 64.008 95.885 64.008 0 P 0
L 95.377 62.992 95.885 64.008 0 P 0
L 95.631 64.897 96.139 63.881 0 P 0
L 95.631 64.897 96.647 64.897 0 P 0
L 95.758 62.484 96.266 61.468 0 P 0
L 95.758 62.484 96.774 62.484 0 P 0
L 95.758 75.438 96.266 74.422 0 P 0
L 95.758 75.438 96.774 75.438 0 P 0
L 96.139 63.881 96.647 64.897 0 P 0
L 96.266 61.468 96.774 62.484 0 P 0
L 96.266 74.422 96.774 75.438 0 P 0
L 96.266 81.153 96.774 80.137 0 P 0
L 96.266 81.153 97.282 81.153 0 P 0
L 96.393 64.008 96.901 62.992 0 P 0
L 96.393 64.008 97.409 64.008 0 P 0
L 96.647 76.708 97.155 75.692 0 P 0
L 96.647 76.708 97.663 76.708 0 P 0
L 96.774 80.137 97.282 81.153 0 P 0
L 96.901 62.992 97.409 64.008 0 P 0
L 96.901 68.834 97.409 67.818 0 P 0
L 96.901 68.834 97.917 68.834 0 P 0
L 96.901 74.803 97.409 73.787 0 P 0
L 96.901 74.803 97.917 74.803 0 P 0
L 97.155 64.897 97.663 63.881 0 P 0
L 97.155 64.897 98.171 64.897 0 P 0
L 97.155 75.692 97.663 76.708 0 P 0
L 97.282 62.611 97.79 61.595 0 P 0
L 97.282 62.611 98.298 62.611 0 P 0
L 97.409 67.818 97.917 68.834 0 P 0
L 97.409 73.787 97.917 74.803 0 P 0
L 97.536 69.977 98.044 68.961 0 P 0
L 97.536 69.977 98.552 69.977 0 P 0
L 97.663 63.881 98.171 64.897 0 P 0
L 97.79 61.595 98.298 62.611 0 P 0
L 98.044 68.961 98.552 69.977 0 P 0
L 98.171 63.246 98.679 62.23 0 P 0
L 98.171 63.246 99.187 63.246 0 P 0
L 98.679 62.23 99.187 63.246 0 P 0
L 98.679 97.79 99.187 96.774 0 P 0
L 98.679 97.79 99.695 97.79 0 P 0
L 99.187 96.774 99.695 97.79 0 P 0
L 100.203 74.549 100.711 73.533 0 P 0
L 100.203 74.549 101.219 74.549 0 P 0
L 100.203 92.202 100.711 91.186 0 P 0
L 100.203 92.202 101.219 92.202 0 P 0
L 100.711 73.533 101.219 74.549 0 P 0
L 100.711 91.186 101.219 92.202 0 P 0
L 100.965 77.724 101.473 76.708 0 P 0
L 100.965 77.724 101.981 77.724 0 P 0
L 101.092 75.819 101.6 74.803 0 P 0
L 101.092 75.819 102.108 75.819 0 P 0
L 101.219 72.39 101.727 71.374 0 P 0
L 101.219 72.39 102.235 72.39 0 P 0
L 101.346 65.151 101.854 64.135 0 P 0
L 101.346 65.151 102.362 65.151 0 P 0
L 101.473 76.708 101.981 77.724 0 P 0
L 101.6 54.229 102.108 53.213 0 P 0
L 101.6 54.229 102.616 54.229 0 P 0
L 101.6 74.803 102.108 75.819 0 P 0
L 101.727 71.374 102.235 72.39 0 P 0
L 101.727 94.488 102.235 93.472 0 P 0
L 101.727 94.488 102.743 94.488 0 P 0
L 101.854 64.135 102.362 65.151 0 P 0
L 101.981 62.865 102.489 61.849 0 P 0
L 101.981 62.865 102.997 62.865 0 P 0
L 102.108 53.213 102.616 54.229 0 P 0
L 102.108 66.548 102.616 65.532 0 P 0
L 102.108 66.548 103.124 66.548 0 P 0
L 102.235 73.406 102.743 72.39 0 P 0
L 102.235 73.406 103.251 73.406 0 P 0
L 102.235 74.803 102.743 73.787 0 P 0
L 102.235 74.803 103.251 74.803 0 P 0
L 102.235 93.472 102.743 94.488 0 P 0
L 102.362 77.724 102.87 76.708 0 P 0
L 102.362 77.724 103.378 77.724 0 P 0
L 102.46714584 96.04068168 102.97514584 95.02468168 0 P 0
L 102.46714584 96.04068168 103.48314584 96.04068168 0 P 0
L 102.489 61.849 102.997 62.865 0 P 0
L 102.489 82.804 102.997 81.788 0 P 0
L 102.489 82.804 103.505 82.804 0 P 0
L 102.49100152 96.77600152 102.99900152 95.76000152 0 P 0
L 102.49100152 96.77600152 103.50700152 96.77600152 0 P 0
L 102.616 65.532 103.124 66.548 0 P 0
L 102.743 72.39 103.251 73.406 0 P 0
L 102.743 73.787 103.251 74.803 0 P 0
L 102.87 76.708 103.378 77.724 0 P 0
L 102.97514584 95.02468168 103.48314584 96.04068168 0 P 0
L 102.997 79.248 103.505 78.232 0 P 0
L 102.997 79.248 104.013 79.248 0 P 0
L 102.997 81.788 103.505 82.804 0 P 0
L 102.99900152 95.76000152 103.50700152 96.77600152 0 P 0
L 103.251 66.04 103.759 65.024 0 P 0
L 103.251 66.04 104.267 66.04 0 P 0
L 103.251 72.009 103.759 70.993 0 P 0
L 103.251 72.009 104.267 72.009 0 P 0
L 103.378 86.487 103.886 85.471 0 P 0
L 103.378 86.487 104.394 86.487 0 P 0
L 103.505 78.232 104.013 79.248 0 P 0
L 103.759 65.024 104.267 66.04 0 P 0
L 103.759 70.993 104.267 72.009 0 P 0
L 103.886 65.405 104.394 64.389 0 P 0
L 103.886 65.405 104.902 65.405 0 P 0
L 103.886 85.471 104.394 86.487 0 P 0
L 103.93459782 84.328 104.44259782 83.312 0 P 0
L 103.93459782 84.328 104.95059782 84.328 0 P 0
L 104.14 73.406 104.648 72.39 0 P 0
L 104.14 73.406 105.156 73.406 0 P 0
L 104.14 74.803 104.648 73.787 0 P 0
L 104.14 74.803 105.156 74.803 0 P 0
L 104.14 76.2 104.648 75.184 0 P 0
L 104.14 76.2 105.156 76.2 0 P 0
L 104.267 77.851 104.775 76.835 0 P 0
L 104.267 77.851 105.283 77.851 0 P 0
L 104.394 64.389 104.902 65.405 0 P 0
L 104.44259782 83.312 104.95059782 84.328 0 P 0
L 104.648 72.39 105.156 73.406 0 P 0
L 104.648 73.787 105.156 74.803 0 P 0
L 104.648 75.184 105.156 76.2 0 P 0
L 104.648 84.836 105.156 83.82 0 P 0
L 104.648 84.836 105.664 84.836 0 P 0
L 104.775 76.835 105.283 77.851 0 P 0
L 104.902 79.502 105.41 78.486 0 P 0
L 104.902 79.502 105.918 79.502 0 P 0
L 105.029 72.009 105.537 70.993 0 P 0
L 105.029 72.009 106.045 72.009 0 P 0
L 105.029 89.281 105.537 88.265 0 P 0
L 105.029 89.281 106.045 89.281 0 P 0
L 105.156 83.82 105.664 84.836 0 P 0
L 105.156 84.201 105.664 83.185 0 P 0
L 105.156 84.201 106.172 84.201 0 P 0
L 105.156 87.122 105.664 86.106 0 P 0
L 105.156 87.122 106.172 87.122 0 P 0
L 105.283 52.705 105.791 51.689 0 P 0
L 105.283 52.705 106.299 52.705 0 P 0
L 105.41 78.486 105.918 79.502 0 P 0
L 105.537 70.993 106.045 72.009 0 P 0
L 105.537 88.265 106.045 89.281 0 P 0
L 105.664 66.167 106.172 65.151 0 P 0
L 105.664 66.167 106.68 66.167 0 P 0
L 105.664 83.185 106.172 82.169 0 P 0
L 105.664 83.185 106.172 84.201 0 P 0
L 105.664 83.185 106.68 83.185 0 P 0
L 105.664 86.106 106.172 87.122 0 P 0
L 105.791 51.689 106.299 52.705 0 P 0
L 105.791 65.405 106.299 64.389 0 P 0
L 105.791 65.405 106.807 65.405 0 P 0
L 105.918 73.406 106.426 72.39 0 P 0
L 105.918 73.406 106.934 73.406 0 P 0
L 105.918 74.803 106.426 73.787 0 P 0
L 105.918 74.803 106.934 74.803 0 P 0
L 105.918 78.486 106.426 77.47 0 P 0
L 105.918 78.486 106.934 78.486 0 P 0
L 106.172 65.151 106.68 66.167 0 P 0
L 106.172 82.169 106.68 83.185 0 P 0
L 106.172 87.63 106.68 86.614 0 P 0
L 106.172 87.63 107.188 87.63 0 P 0
L 106.299 64.389 106.807 65.405 0 P 0
L 106.426 72.39 106.934 73.406 0 P 0
L 106.426 73.787 106.934 74.803 0 P 0
L 106.426 77.47 106.934 78.486 0 P 0
L 106.553 76.073 107.061 75.057 0 P 0
L 106.553 76.073 107.569 76.073 0 P 0
L 106.68 86.614 107.188 87.63 0 P 0
L 106.934 64.262 107.442 63.246 0 P 0
L 106.934 64.262 107.95 64.262 0 P 0
L 106.934 72.009 107.442 70.993 0 P 0
L 106.934 72.009 107.95 72.009 0 P 0
L 107.061 75.057 107.569 76.073 0 P 0
L 107.16347376 84.71628726 107.67147376 83.70028726 0 P 0
L 107.16347376 84.71628726 108.17947376 84.71628726 0 P 0
L 107.315 82.55 107.823 81.534 0 P 0
L 107.315 82.55 108.331 82.55 0 P 0
L 107.315 83.566 107.823 82.55 0 P 0
L 107.315 83.566 108.331 83.566 0 P 0
L 107.442 63.246 107.95 64.262 0 P 0
L 107.442 65.405 107.95 64.389 0 P 0
L 107.442 65.405 108.458 65.405 0 P 0
L 107.442 70.993 107.95 72.009 0 P 0
L 107.67147376 83.70028726 108.17947376 84.71628726 0 P 0
L 107.823 81.534 108.331 82.55 0 P 0
L 107.823 82.55 108.331 83.566 0 P 0
L 107.823 85.344 108.331 84.328 0 P 0
L 107.823 85.344 108.839 85.344 0 P 0
L 107.95 60.579 108.458 59.563 0 P 0
L 107.95 60.579 108.966 60.579 0 P 0
L 107.95 64.389 108.458 65.405 0 P 0
L 107.95 86.106 108.458 85.09 0 P 0
L 107.95 86.106 108.966 86.106 0 P 0
L 108.0310006 86.995 108.5390006 85.979 0 P 0
L 108.0310006 86.995 109.0470006 86.995 0 P 0
L 108.204 83.058 108.712 82.042 0 P 0
L 108.204 83.058 109.22 83.058 0 P 0
L 108.331 73.533 108.839 72.517 0 P 0
L 108.331 73.533 109.347 73.533 0 P 0
L 108.331 75.438 108.839 74.422 0 P 0
L 108.331 75.438 109.347 75.438 0 P 0
L 108.331 77.216 108.839 76.2 0 P 0
L 108.331 77.216 109.347 77.216 0 P 0
L 108.331 84.328 108.839 85.344 0 P 0
L 108.458 59.563 108.966 60.579 0 P 0
L 108.458 85.09 108.966 86.106 0 P 0
L 108.5390006 85.979 109.0470006 86.995 0 P 0
L 108.712 82.042 109.22 83.058 0 P 0
L 108.839 72.517 109.347 73.533 0 P 0
L 108.839 74.422 109.347 75.438 0 P 0
L 108.839 76.2 109.347 77.216 0 P 0
L 109.59615622 81.69677844 110.10415622 80.68077844 0 P 0
L 109.59615622 81.69677844 110.61215622 81.69677844 0 P 0
L 110.10415622 80.68077844 110.61215622 81.69677844 0 P 0
L 110.998 83.947 111.506 82.931 0 P 0
L 110.998 83.947 112.014 83.947 0 P 0
L 111.506 82.931 112.014 83.947 0 P 0
L 112.141 70.104 112.649 69.088 0 P 0
L 112.141 70.104 113.157 70.104 0 P 0
L 112.649 69.088 113.157 70.104 0 P 0
L 113.03 79.502 113.538 78.486 0 P 0
L 113.03 79.502 114.046 79.502 0 P 0
L 113.411 84.455 113.919 83.439 0 P 0
L 113.411 84.455 114.427 84.455 0 P 0
L 113.538 78.486 114.046 79.502 0 P 0
L 113.919 83.439 114.427 84.455 0 P 0
L 117.729 57.658 118.237 56.642 0 P 0
L 117.729 57.658 118.745 57.658 0 P 0
L 118.237 56.642 118.745 57.658 0 P 0
