UNITS=MM
#Layer_Color=9474304
#
#Feature symbol names
#
$0 r127

#
#Feature attribute names
#

#
#Layer features
#
L 82.0674 74.422 82.2706 74.422 0 P 0
L 82.169 74.3204 82.169 74.5236 0 P 0
L 82.685001 72.136 83.684999 72.136 0 P 0
L 82.685001 75.692 83.684999 75.692 0 P 0
L 82.685001 79.248 83.684999 79.248 0 P 0
L 83.185 71.636001 83.185 72.635999 0 P 0
L 83.185 75.192001 83.185 76.191999 0 P 0
L 83.185 78.748001 83.185 79.747999 0 P 0
L 83.7184 82.169 83.9216 82.169 0 P 0
L 83.82 82.0674 83.82 82.2706 0 P 0
L 84.0994 69.723 84.3026 69.723 0 P 0
L 84.201 69.6214 84.201 69.8246 0 P 0
L 84.2264 76.708 84.4296 76.708 0 P 0
L 84.328 76.6064 84.328 76.8096 0 P 0
L 86.12789734 62.90110356 87.02789554 62.90110356 0 P 0
L 86.57789644 62.45110446 86.57789644 63.35110266 0 P 0
L 87.92394912 61.10505178 88.82394732 61.10505178 0 P 0
L 88.37394822 60.65505268 88.37394822 61.55505088 0 P 0
L 89.7200009 59.309 90.6199991 59.309 0 P 0
L 90.17 58.8590009 90.17 59.7589991 0 P 0
L 91.51605268 57.51294822 92.41605088 57.51294822 0 P 0
L 91.96605178 57.06294912 91.96605178 57.96294732 0 P 0
L 93.861001 94.869 94.860999 94.869 0 P 0
L 94.361 94.369001 94.361 95.368999 0 P 0
L 95.004001 57.15 96.003999 57.15 0 P 0
L 95.131001 54.864 96.130999 54.864 0 P 0
L 95.504 56.650001 95.504 57.649999 0 P 0
L 95.631 54.364001 95.631 55.363999 0 P 0
L 98.5774 88.646 98.7806 88.646 0 P 0
L 98.679 88.5444 98.679 88.7476 0 P 0
L 99.3394 88.646 99.5426 88.646 0 P 0
L 99.441 88.5444 99.441 88.7476 0 P 0
L 102.1334 60.452 102.3366 60.452 0 P 0
L 102.235 60.3504 102.235 60.5536 0 P 0
L 104.1654 91.313 104.3686 91.313 0 P 0
L 104.267 91.2114 104.267 91.4146 0 P 0
L 104.8004 96.139 105.0036 96.139 0 P 0
L 104.902 96.0374 104.902 96.2406 0 P 0
L 104.9274 63.246 105.1306 63.246 0 P 0
L 104.9274 91.313 105.1306 91.313 0 P 0
L 105.029 63.1444 105.029 63.3476 0 P 0
L 105.029 91.2114 105.029 91.4146 0 P 0
L 106.8324 62.738 107.0356 62.738 0 P 0
L 106.934 62.6364 106.934 62.8396 0 P 0
L 109.7860009 92.075 110.6859991 92.075 0 P 0
L 110.0074 88.392 110.2106 88.392 0 P 0
L 110.109 88.2904 110.109 88.4936 0 P 0
L 110.236 91.6250009 110.236 92.5249991 0 P 0
L 110.625001 95.25 111.624999 95.25 0 P 0
L 110.8964 88.392 111.0996 88.392 0 P 0
L 110.998 88.2904 110.998 88.4936 0 P 0
L 111.125 94.750001 111.125 95.749999 0 P 0
L 111.514001 54.483 112.513999 54.483 0 P 0
L 111.514001 57.15 112.513999 57.15 0 P 0
L 112.014 53.983001 112.014 54.982999 0 P 0
L 112.014 56.650001 112.014 57.649999 0 P 0
L 112.3260009 92.075 113.2259991 92.075 0 P 0
L 112.776 91.6250009 112.776 92.5249991 0 P 0
L 113.1340003 73.025 113.4339997 73.025 0 P 0
L 113.284 72.8750003 113.284 73.1749997 0 P 0
L 114.435001 95.123 115.434999 95.123 0 P 0
L 114.8660009 92.075 115.7659991 92.075 0 P 0
L 114.935 94.623001 114.935 95.622999 0 P 0
L 115.197001 56.134 116.196999 56.134 0 P 0
L 115.316 91.6250009 115.316 92.5249991 0 P 0
L 115.697 55.634001 115.697 56.633999 0 P 0
L 117.3734 57.912 117.5766 57.912 0 P 0
L 117.4060009 92.075 118.3059991 92.075 0 P 0
L 117.475 57.8104 117.475 58.0136 0 P 0
L 117.856 91.6250009 117.856 92.5249991 0 P 0
L 119.9460009 92.075 120.8459991 92.075 0 P 0
L 120.396 91.6250009 120.396 92.5249991 0 P 0
L 126.246001 69.215 127.245999 69.215 0 P 0
L 126.500001 81.28 127.499999 81.28 0 P 0
L 126.746 68.715001 126.746 69.714999 0 P 0
L 126.754001 73.0885 127.753999 73.0885 0 P 0
L 126.754001 77.343 127.753999 77.343 0 P 0
L 127 80.780001 127 81.779999 0 P 0
L 127.254 72.588501 127.254 73.588499 0 P 0
L 127.254 76.843001 127.254 77.842999 0 P 0
