UNITS=MM
#Layer_Color=9474304
#
#Feature symbol names
#
$0 r127

#
#Feature attribute names
#

#
#Layer features
#
L 90.9574 64.008 91.1606 64.008 0 P 0
L 90.9574 65.405 91.1606 65.405 0 P 0
L 91.059 63.9064 91.059 64.1096 0 P 0
L 91.059 65.3034 91.059 65.5066 0 P 0
L 91.0844 62.738 91.2876 62.738 0 P 0
L 91.186 62.6364 91.186 62.8396 0 P 0
L 91.8464 94.107 92.0496 94.107 0 P 0
L 91.948 94.0054 91.948 94.2086 0 P 0
L 94.3864 64.389 94.5896 64.389 0 P 0
L 94.488 64.2874 94.488 64.4906 0 P 0
L 94.5134 61.976 94.7166 61.976 0 P 0
L 94.615 61.8744 94.615 62.0776 0 P 0
L 94.6404 75.565 94.8436 75.565 0 P 0
L 94.742 75.4634 94.742 75.6666 0 P 0
L 95.2754 63.5 95.4786 63.5 0 P 0
L 95.377 63.3984 95.377 63.6016 0 P 0
L 96.0374 64.389 96.2406 64.389 0 P 0
L 96.139 64.2874 96.139 64.4906 0 P 0
L 96.1644 61.976 96.3676 61.976 0 P 0
L 96.1644 74.93 96.3676 74.93 0 P 0
L 96.266 61.8744 96.266 62.0776 0 P 0
L 96.266 74.8284 96.266 75.0316 0 P 0
L 96.6724 80.645 96.8756 80.645 0 P 0
L 96.774 80.5434 96.774 80.7466 0 P 0
L 96.7994 63.5 97.0026 63.5 0 P 0
L 96.901 63.3984 96.901 63.6016 0 P 0
L 97.0534 76.2 97.2566 76.2 0 P 0
L 97.155 76.0984 97.155 76.3016 0 P 0
L 97.3074 68.326 97.5106 68.326 0 P 0
L 97.3074 74.295 97.5106 74.295 0 P 0
L 97.409 68.2244 97.409 68.4276 0 P 0
L 97.409 74.1934 97.409 74.3966 0 P 0
L 97.5614 64.389 97.7646 64.389 0 P 0
L 97.663 64.2874 97.663 64.4906 0 P 0
L 97.6884 62.103 97.8916 62.103 0 P 0
L 97.79 62.0014 97.79 62.2046 0 P 0
L 97.9424 69.469 98.1456 69.469 0 P 0
L 98.044 69.3674 98.044 69.5706 0 P 0
L 98.5774 62.738 98.7806 62.738 0 P 0
L 98.679 62.6364 98.679 62.8396 0 P 0
L 99.0854 97.282 99.2886 97.282 0 P 0
L 99.187 97.1804 99.187 97.3836 0 P 0
L 100.6094 74.041 100.8126 74.041 0 P 0
L 100.6094 91.694 100.8126 91.694 0 P 0
L 100.711 73.9394 100.711 74.1426 0 P 0
L 100.711 91.5924 100.711 91.7956 0 P 0
L 101.3714 77.216 101.5746 77.216 0 P 0
L 101.473 77.1144 101.473 77.3176 0 P 0
L 101.4984 75.311 101.7016 75.311 0 P 0
L 101.6 75.2094 101.6 75.4126 0 P 0
L 101.6254 71.882 101.8286 71.882 0 P 0
L 101.727 71.7804 101.727 71.9836 0 P 0
L 101.7524 64.643 101.9556 64.643 0 P 0
L 101.854 64.5414 101.854 64.7446 0 P 0
L 102.0064 53.721 102.2096 53.721 0 P 0
L 102.108 53.6194 102.108 53.8226 0 P 0
L 102.1334 93.98 102.3366 93.98 0 P 0
L 102.235 93.8784 102.235 94.0816 0 P 0
L 102.3874 62.357 102.5906 62.357 0 P 0
L 102.489 62.2554 102.489 62.4586 0 P 0
L 102.5144 66.04 102.7176 66.04 0 P 0
L 102.616 65.9384 102.616 66.1416 0 P 0
L 102.6414 72.898 102.8446 72.898 0 P 0
L 102.6414 74.295 102.8446 74.295 0 P 0
L 102.743 72.7964 102.743 72.9996 0 P 0
L 102.743 74.1934 102.743 74.3966 0 P 0
L 102.7684 77.216 102.9716 77.216 0 P 0
L 102.87 77.1144 102.87 77.3176 0 P 0
L 102.87354584 95.53268168 103.07674584 95.53268168 0 P 0
L 102.8954 82.296 103.0986 82.296 0 P 0
L 102.89740152 96.26800152 103.10060152 96.26800152 0 P 0
L 102.97514584 95.43108168 102.97514584 95.63428168 0 P 0
L 102.997 82.1944 102.997 82.3976 0 P 0
L 102.99900152 96.16640152 102.99900152 96.36960152 0 P 0
L 103.4034 78.74 103.6066 78.74 0 P 0
L 103.505 78.6384 103.505 78.8416 0 P 0
L 103.6574 65.532 103.8606 65.532 0 P 0
L 103.6574 71.501 103.8606 71.501 0 P 0
L 103.759 65.4304 103.759 65.6336 0 P 0
L 103.759 71.3994 103.759 71.6026 0 P 0
L 103.7844 85.979 103.9876 85.979 0 P 0
L 103.886 85.8774 103.886 86.0806 0 P 0
L 104.2924 64.897 104.4956 64.897 0 P 0
L 104.34099782 83.82 104.54419782 83.82 0 P 0
L 104.394 64.7954 104.394 64.9986 0 P 0
L 104.44259782 83.7184 104.44259782 83.9216 0 P 0
L 104.5464 72.898 104.7496 72.898 0 P 0
L 104.5464 74.295 104.7496 74.295 0 P 0
L 104.5464 75.692 104.7496 75.692 0 P 0
L 104.648 72.7964 104.648 72.9996 0 P 0
L 104.648 74.1934 104.648 74.3966 0 P 0
L 104.648 75.5904 104.648 75.7936 0 P 0
L 104.6734 77.343 104.8766 77.343 0 P 0
L 104.775 77.2414 104.775 77.4446 0 P 0
L 105.0544 84.328 105.2576 84.328 0 P 0
L 105.156 84.2264 105.156 84.4296 0 P 0
L 105.3084 78.994 105.5116 78.994 0 P 0
L 105.41 78.8924 105.41 79.0956 0 P 0
L 105.4354 71.501 105.6386 71.501 0 P 0
L 105.4354 88.773 105.6386 88.773 0 P 0
L 105.537 71.3994 105.537 71.6026 0 P 0
L 105.537 88.6714 105.537 88.8746 0 P 0
L 105.5624 83.693 105.7656 83.693 0 P 0
L 105.5624 86.614 105.7656 86.614 0 P 0
L 105.664 83.5914 105.664 83.7946 0 P 0
L 105.664 86.5124 105.664 86.7156 0 P 0
L 105.6894 52.197 105.8926 52.197 0 P 0
L 105.791 52.0954 105.791 52.2986 0 P 0
L 106.0704 65.659 106.2736 65.659 0 P 0
L 106.0704 82.677 106.2736 82.677 0 P 0
L 106.172 65.5574 106.172 65.7606 0 P 0
L 106.172 82.5754 106.172 82.7786 0 P 0
L 106.1974 64.897 106.4006 64.897 0 P 0
L 106.299 64.7954 106.299 64.9986 0 P 0
L 106.3244 72.898 106.5276 72.898 0 P 0
L 106.3244 74.295 106.5276 74.295 0 P 0
L 106.3244 77.978 106.5276 77.978 0 P 0
L 106.426 72.7964 106.426 72.9996 0 P 0
L 106.426 74.1934 106.426 74.3966 0 P 0
L 106.426 77.8764 106.426 78.0796 0 P 0
L 106.5784 87.122 106.7816 87.122 0 P 0
L 106.68 87.0204 106.68 87.2236 0 P 0
L 106.9594 75.565 107.1626 75.565 0 P 0
L 107.061 75.4634 107.061 75.6666 0 P 0
L 107.3404 63.754 107.5436 63.754 0 P 0
L 107.3404 71.501 107.5436 71.501 0 P 0
L 107.442 63.6524 107.442 63.8556 0 P 0
L 107.442 71.3994 107.442 71.6026 0 P 0
L 107.56987376 84.20828726 107.77307376 84.20828726 0 P 0
L 107.67147376 84.10668726 107.67147376 84.30988726 0 P 0
L 107.7214 82.042 107.9246 82.042 0 P 0
L 107.7214 83.058 107.9246 83.058 0 P 0
L 107.823 81.9404 107.823 82.1436 0 P 0
L 107.823 82.9564 107.823 83.1596 0 P 0
L 107.8484 64.897 108.0516 64.897 0 P 0
L 107.95 64.7954 107.95 64.9986 0 P 0
L 108.2294 84.836 108.4326 84.836 0 P 0
L 108.331 84.7344 108.331 84.9376 0 P 0
L 108.3564 60.071 108.5596 60.071 0 P 0
L 108.3564 85.598 108.5596 85.598 0 P 0
L 108.4374006 86.487 108.6406006 86.487 0 P 0
L 108.458 59.9694 108.458 60.1726 0 P 0
L 108.458 85.4964 108.458 85.6996 0 P 0
L 108.5390006 86.3854 108.5390006 86.5886 0 P 0
L 108.6104 82.55 108.8136 82.55 0 P 0
L 108.712 82.4484 108.712 82.6516 0 P 0
L 108.7374 73.025 108.9406 73.025 0 P 0
L 108.7374 74.93 108.9406 74.93 0 P 0
L 108.7374 76.708 108.9406 76.708 0 P 0
L 108.839 72.9234 108.839 73.1266 0 P 0
L 108.839 74.8284 108.839 75.0316 0 P 0
L 108.839 76.6064 108.839 76.8096 0 P 0
L 110.00255622 81.18877844 110.20575622 81.18877844 0 P 0
L 110.10415622 81.08717844 110.10415622 81.29037844 0 P 0
L 111.4044 83.439 111.6076 83.439 0 P 0
L 111.506 83.3374 111.506 83.5406 0 P 0
L 112.5474 69.596 112.7506 69.596 0 P 0
L 112.649 69.4944 112.649 69.6976 0 P 0
L 113.4364 78.994 113.6396 78.994 0 P 0
L 113.538 78.8924 113.538 79.0956 0 P 0
L 113.8174 83.947 114.0206 83.947 0 P 0
L 113.919 83.8454 113.919 84.0486 0 P 0
L 118.1354 57.15 118.3386 57.15 0 P 0
L 118.237 57.0484 118.237 57.2516 0 P 0
